O vetor [6,3,1,4,8,5,2,7] deve ser ordenado em ordem DECRESCENTE. Faça o teste de mesa da execução dos algoritmos de ordenação Selection Sort, Insertion Sort e Merge Sort (mostre os estados intermediários do processo).

-------------------------------------------------


Selection Sort
[6,3,1,4,8,5,2,7]
[8,3,1,4,6,5,2,7]
[8,7,1,4,6,5,2,3]
[8,7,6,4,1,5,2,3]
[8,7,6,4,5,1,2,3]
[8,7,6,4,5,3,2,1]
[8,7,6,4,5,3,2,1]

Insertion Sort
[6,3,1,4,8,5,2,7]
[6,3,1,4,8,5,2,7]
[6,4,3,1,8,5,2,7]
[8,6,4,3,1,5,2,7]
[8,6,5,4,3,1,2,7]
[8,6,5,4,3,2,1,7]
[8,7,6,5,4,3,2,1]

Merge Sort
[6,3,1,4] [8,5,2,7]
[6,3] [1,4] [8,5] [2,7]
[6] [3] [1] [4] [8] [5] [2] [7]
[3,6] [1] [4] [8] [5] [2] [7]
[6,3] [4,1] [8] [5] [2] [7]
[6,3] [4,1] [8,5] [2] [7]
[6,3] [4,1] [8,5] [7,2]
[6,4,3] [1] [8,5] [7,2]
[6,4,3,1] [8,5] [7,2]
[6,4,3,1] [8,7,5] [2]
[6,4,3,1] [8,7,5,2]
[6,4,3,1] [8,7,5,2]
[8] [6,4,3,1] [7,5,2]
[8,7] [6,4,3,1] [5,2]
[8,7,6] [4,3,1] [5,2]
[8,7,6,5] [4,3,1] [2]
[8,7,6,5,4] [3,1] [2]
[8,7,6,5,4,3] [1] [2]
[8,7,6,5,4,3,2] [1]
[8,7,6,5,4,3,2,1]
